{
    "winogrande_acc": 0.7063930544593529,
    "copa_acc": 0.9,
    "openbookqa_acc_norm": 0.432,
    "hellaswag_acc_norm": 0.7828121888070105,
    "lambada_openai_acc": 0.7116242965262953,
    "rte_acc": 0.6967509025270758,
    "piqa_acc": 0.79379760609358,
    "mmlu_acc": 0.48582822959692346
}