{
    "winogrande_acc": 0.5777426992896606,
    "copa_acc": 0.78,
    "openbookqa_acc_norm": 0.346,
    "hellaswag_acc_norm": 0.5464050985859391,
    "lambada_openai_acc": 0.3347564525519115,
    "rte_acc": 0.5415162454873647,
    "piqa_acc": 0.6811751904243744,
    "mmlu_acc": 0.26762569434553485
}