{
    "winogrande_acc": 0.6732438831886346,
    "copa_acc": 0.86,
    "openbookqa_acc_norm": 0.416,
    "hellaswag_acc_norm": 0.7155945030870344,
    "lambada_openai_acc": 0.5495827673200078,
    "rte_acc": 0.5992779783393501,
    "piqa_acc": 0.7840043525571273,
    "mmlu_acc": 0.4190998433271614
}