{
    "winogrande_acc": 0.65982636148382,
    "copa_acc": 0.9,
    "hellaswag_acc_norm": 0.6976697868950408,
    "lambada_openai_acc": 0.6914418785173685,
    "rte_acc": 0.5415162454873647,
    "piqa_acc": 0.7633297062023939,
    "openbookqa_acc_norm": 0.386,
    "mmlu_acc": 0.35821108104258653
}