{
    "winogrande_acc": 0.6787687450670876,
    "copa_acc": 0.84,
    "hellaswag_acc_norm": 0.7234614618601872,
    "lambada_openai_acc": 0.7054143217543178,
    "rte_acc": 0.5667870036101083,
    "piqa_acc": 0.7769314472252449,
    "openbookqa_acc_norm": 0.402,
    "mmlu_acc": 0.4125480700754878
}