{
    "winogrande_acc": 0.6724546172059984,
    "copa_acc": 0.86,
    "hellaswag_acc_norm": 0.6965743875721968,
    "lambada_openai_acc": 0.6887250145546284,
    "rte_acc": 0.5884476534296029,
    "piqa_acc": 0.763873775843308,
    "openbookqa_acc_norm": 0.392
}