{
    "mmlu_acc": 0.4012248967383564,
    "winogrande_acc": 0.6787687450670876,
    "copa_acc": 0.89,
    "hellaswag_acc_norm": 0.7392949611631149,
    "lambada_openai_acc": 0.7186105181447701,
    "rte_acc": 0.5306859205776173,
    "piqa_acc": 0.7850924918389554,
    "openbookqa_acc_norm": 0.414
}