{
    "winogrande_acc": 0.6795580110497238,
    "copa_acc": 0.9,
    "hellaswag_acc_norm": 0.7278430591515634,
    "lambada_openai_acc": 0.7056083834659421,
    "rte_acc": 0.5631768953068592,
    "piqa_acc": 0.7840043525571273,
    "openbookqa_acc_norm": 0.396,
    "mmlu_acc": 0.404714428144139
}