{
    "winogrande_acc": 0.7134964483030781,
    "copa_acc": 0.87,
    "openbookqa_acc_norm": 0.432,
    "hellaswag_acc_norm": 0.7638916550487951,
    "lambada_openai_acc": 0.7370463807490782,
    "rte_acc": 0.5956678700361011,
    "piqa_acc": 0.7850924918389554,
    "mmlu_acc": 0.44224469448796466
}