{
    "winogrande_acc": 0.696921862667719,
    "copa_acc": 0.91,
    "hellaswag_acc_norm": 0.752141007767377,
    "lambada_openai_acc": 0.7294779739957307,
    "rte_acc": 0.5884476534296029,
    "piqa_acc": 0.7834602829162133,
    "openbookqa_acc_norm": 0.426
}