{
    "winogrande_acc": 0.6448303078137332,
    "copa_acc": 0.82,
    "mmlu_acc": 0.3817832217632816
}