{
    "winogrande_acc": 0.6574585635359116,
    "copa_acc": 0.85,
    "hellaswag_acc_norm": 0.7134037044413464,
    "lambada_openai_acc": 0.6964874830196003,
    "rte_acc": 0.5812274368231047,
    "piqa_acc": 0.763873775843308,
    "openbookqa_acc_norm": 0.41,
    "mmlu_acc": 0.4047856430707876
}