{
    "winogrande_acc": 0.6637726913970008,
    "copa_acc": 0.88,
    "hellaswag_acc_norm": 0.6943835889265086,
    "lambada_openai_acc": 0.6827091014942752,
    "rte_acc": 0.628158844765343,
    "piqa_acc": 0.7606093579978237,
    "openbookqa_acc_norm": 0.386,
    "mmlu_acc": 0.36490528414755735
}