{
    "winogrande_acc": 0.6282557221783741,
    "copa_acc": 0.86,
    "openbookqa_acc_norm": 0.33,
    "hellaswag_acc_norm": 0.6554471220872337,
    "lambada_openai_acc": 0.5618086551523385,
    "rte_acc": 0.628158844765343,
    "piqa_acc": 0.7176278563656148,
    "mmlu_acc": 0.3438968807862128
}