{
    "winogrande_acc": 0.664561957379637,
    "copa_acc": 0.87,
    "hellaswag_acc_norm": 0.7031467835092611,
    "lambada_openai_acc": 0.6949349893266059,
    "rte_acc": 0.6028880866425993,
    "piqa_acc": 0.7671381936887922,
    "openbookqa_acc_norm": 0.396,
    "mmlu_acc": 0.37836490528414757
}