{
    "winogrande_acc": 0.6621941594317285,
    "copa_acc": 0.83,
    "openbookqa_acc_norm": 0.398,
    "hellaswag_acc_norm": 0.6917944632543318,
    "lambada_openai_acc": 0.6856200271686397,
    "rte_acc": 0.5631768953068592,
    "piqa_acc": 0.7529923830250272,
    "mmlu_acc": 0.33371314627545934
}